80 53670 0.00585568
81 53528 0.00584019
40 106848 0.0116577
82 55894 0.00609833
41 111908 0.0122098
83 57996 0.00632767
470 218 2.37849e-05
42 112144 0.0122355
84 57626 0.0062873
471 198 2.16028e-05
43 105821 0.0115456
430 272 2.96766e-05
85 53347 0.00582044
472 210 2.29121e-05
44 99271 0.010831
431 290 3.16405e-05
86 50178 0.00547468
473 212 2.31303e-05
45 98237 0.0107182
432 308 3.36044e-05
87 47698 0.0052041
474 188 2.05118e-05
46 100627 0.0109789
433 296 3.22952e-05
88 47013 0.00512937
475 212 2.31303e-05
47 103199 0.0112596
434 320 3.49137e-05
160 54213 0.00591492
89 46334 0.00505528
48 106837 0.0116565
476 174 1.89843e-05
435 284 3.09859e-05
161 56660 0.0061819
120 37129 0.00405097
49 110419 0.0120473
477 194 2.11664e-05
436 318 3.46955e-05
162 58532 0.00638615
121 35896 0.00391644
478 213 2.32394e-05
437 331 3.61138e-05
163 57769 0.0063029
122 38098 0.00415669
479 201 2.19302e-05
438 315 3.43682e-05
164 60801 0.00663371
123 38856 0.00423939
439 305 3.32771e-05
165 62337 0.0068013
124 42566 0.00464417
166 63012 0.00687494
125 44362 0.00484013
167 61555 0.00671597
126 41799 0.00456049
168 60049 0.00655166
127 41193 0.00449437
169 57778 0.00630388
128 37799 0.00412407
129 34685 0.00378432
280 698 7.61555e-05
281 788 8.5975e-05
240 1096 0.000119579
282 668 7.28823e-05
241 1041 0.000113579
200 5761 0.000628555
283 685 7.47371e-05
242 984 0.00010736
201 5565 0.000607171
284 701 7.64828e-05
243 1045 0.000114015
202 5446 0.000594187
285 682 7.44098e-05
244 921 0.000100486
203 4748 0.000518032
286 680 7.41916e-05
245 1109 0.000120998
204 4764 0.000519778
246 918 0.000100159
205 4219 0.000460315
287 748 8.16107e-05
247 930 0.000101468
206 4305 0.000469698
288 790 8.61932e-05
248 943 0.000102886
207 3878 0.00042311
289 736 8.03015e-05
249 911 9.93949e-05
208 4102 0.00044755
209 3538 0.000386014
360 381 4.15691e-05
361 353 3.85142e-05
320 609 6.64451e-05
362 351 3.8296e-05
321 670 7.31005e-05
363 373 4.06963e-05
322 633 6.90636e-05
364 441 4.81154e-05
323 648 7.07002e-05
365 379 4.13509e-05
324 607 6.62269e-05
366 338 3.68776e-05
325 512 5.58619e-05
367 415 4.52787e-05
326 601 6.55723e-05
368 367 4.00416e-05
327 652 7.11366e-05
369 400 4.36421e-05
328 593 6.46994e-05
329 799 8.71751e-05
90 45480 0.00496211
91 46534 0.0050771
50 113174 0.0123479
92 47040 0.00513231
51 115356 0.0125859
93 49318 0.00538085
52 115843 0.0126391
480 211 2.30212e-05
94 50514 0.00551134
53 113513 0.0123849
481 189 2.06209e-05
440 261 2.84765e-05
95 51188 0.00558488
54 105601 0.0115216
482 173 1.88752e-05
441 271 2.95675e-05
400 282 3.07677e-05
96 47837 0.00521927
55 98356 0.0107312
483 210 2.29121e-05
442 285 3.1095e-05
401 347 3.78595e-05
97 45147 0.00492578
56 93484 0.0101996
484 179 1.95298e-05
443 286 3.12041e-05
402 315 3.43682e-05
98 43699 0.00476779
57 89462 0.00976078
485 162 1.76751e-05
444 270 2.94584e-05
170 53267 0.00581171
403 278 3.03313e-05
99 43560 0.00475263
58 86967 0.00948856
486 173 1.88752e-05
445 329 3.58956e-05
171 49087 0.00535565
404 293 3.19678e-05
130 39312 0.00428915
59 85152 0.00929053
487 197 2.14937e-05
446 317 3.45864e-05
172 43285 0.00472262
405 286 3.12041e-05
131 38887 0.00424278
488 184 2.00754e-05
447 307 3.34953e-05
173 42595 0.00464734
406 333 3.63321e-05
132 42029 0.00458559
489 192 2.09482e-05
448 302 3.29498e-05
174 40675 0.00443786
407 309 3.37135e-05
133 43058 0.00469785
449 273 2.97857e-05
175 39266 0.00428413
408 275 3.00039e-05
134 46449 0.00506783
176 36684 0.00400242
409 295 3.21861e-05
135 49667 0.00541893
177 34495 0.00376359
136 52003 0.0056738
178 32288 0.00352279
137 50485 0.00550818
179 28552 0.00311517
138 48669 0.00531004
139 45543 0.00496898
290 746 8.13925e-05
291 700 7.63737e-05
250 960 0.000104741
292 699 7.62646e-05
251 867 9.45943e-05
210 3540 0.000386233
293 683 7.45189e-05
252 982 0.000107141
211 3105 0.000338772
294 768 8.37928e-05
253 914 9.97222e-05
212 2952 0.000322079
295 755 8.23745e-05
254 887 9.67764e-05
213 2875 0.000313678
296 803 8.76115e-05
255 828 9.03392e-05
214 2542 0.000277346
297 826 9.0121e-05
256 1058 0.000115433
215 2431 0.000265235
298 745 8.12834e-05
257 814 8.88117e-05
216 2370 0.000258579
299 653 7.12457e-05
258 731 7.9756e-05
217 2336 0.00025487
259 800 8.72842e-05
218 2168 0.00023654
219 1937 0.000211337
370 356 3.88415e-05
371 348 3.79686e-05
330 590 6.43721e-05
372 319 3.48046e-05
331 650 7.09184e-05
373 430 4.69153e-05
332 604 6.58996e-05
374 479 5.22614e-05
333 564 6.15354e-05
375 366 3.99325e-05
334 556 6.06625e-05
376 420 4.58242e-05
335 593 6.46994e-05
377 403 4.39694e-05
336 590 6.43721e-05
378 400 4.36421e-05
337 562 6.13172e-05
379 382 4.16782e-05
338 614 6.69906e-05
339 632 6.89545e-05
60 84337 0.00920161
61 82281 0.00897729
62 80647 0.00879901
490 196 2.13846e-05
63 77850 0.00849385
491 235 2.56397e-05
450 252 2.74945e-05
64 75403 0.00822686
492 200 2.18211e-05
451 253 2.76036e-05
410 292 3.18587e-05
65 70883 0.00773371
493 209 2.2803e-05
452 273 2.97857e-05
24 321 3.50228e-05
411 315 3.43682e-05
66 68585 0.00748299
494 185 2.01845e-05
453 295 3.21861e-05
25 1393 0.000151984
412 316 3.44773e-05
67 67053 0.00731584
495 182 1.98572e-05
454 261 2.84765e-05
26 1867 0.0002037
180 26240 0.00286292
413 301 3.28407e-05
68 65740 0.00717258
496 185 2.01845e-05
455 271 2.95675e-05
27 2157 0.00023534
181 23177 0.00252873
414 319 3.48046e-05
140 47049 0.00513329
69 63820 0.0069631
497 191 2.08391e-05
456 264 2.88038e-05
28 2465 0.000268944
182 20937 0.00228434
415 306 3.33862e-05
141 50181 0.00547501
100 42867 0.00467702
498 197 2.14937e-05
457 296 3.22952e-05
29 3758 0.000410018
183 19504 0.00212799
416 279 3.04404e-05
142 53177 0.00580189
101 42311 0.00461635
499 194 2.11664e-05
458 264 2.88038e-05
184 18355 0.00200263
417 293 3.19678e-05
143 56659 0.0061818
102 43769 0.00477543
459 252 2.74945e-05
185 16609 0.00181213
418 295 3.21861e-05
144 59620 0.00650486
103 43934 0.00479343
186 15650 0.0017075
419 303 3.30589e-05
145 59080 0.00644594
104 43410 0.00473626
187 15025 0.00163931
146 58236 0.00635385
105 42770 0.00466643
188 14331 0.00156359
147 55052 0.00600646
106 42298 0.00461493
189 12959 0.0014139
148 54146 0.00590761
107 41006 0.00447397
149 53367 0.00582262
108 40742 0.00444517
109 39519 0.00431173
260 904 9.86312e-05
261 861 9.39396e-05
220 2260 0.000246578
262 773 8.43384e-05
221 1898 0.000207082
263 899 9.80856e-05
222 1835 0.000200208
264 870 9.49216e-05
223 1832 0.000199881
265 701 7.64828e-05
224 1880 0.000205118
266 822 8.96845e-05
225 1779 0.000194098
267 727 7.93195e-05
226 1483 0.000161803
268 846 9.23031e-05
227 1512 0.000164967
269 726 7.92104e-05
228 1539 0.000167913
229 1458 0.000159075
380 364 3.97143e-05
381 356 3.88415e-05
340 441 4.81154e-05
300 817 8.9139e-05
382 383 4.17873e-05
341 532 5.8044e-05
301 697 7.60464e-05
383 351 3.8296e-05
342 543 5.92442e-05
302 744 8.11743e-05
384 365 3.98234e-05
343 467 5.09522e-05
303 805 8.78297e-05
385 337 3.67685e-05
344 466 5.08431e-05
304 719 7.84467e-05
386 306 3.33862e-05
345 495 5.40071e-05
305 709 7.73556e-05
387 385 4.20055e-05
346 450 4.90974e-05
306 735 8.01924e-05
388 334 3.64412e-05
347 555 6.05534e-05
389 322 3.51319e-05
348 430 4.69153e-05
307 621 6.77544e-05
349 454 4.95338e-05
308 733 7.99742e-05
309 687 7.49553e-05
70 63472 0.00692513
71 62669 0.00683752
30 4171 0.000455078
72 63219 0.00689753
31 4284 0.000467407
73 64002 0.00698296
460 259 2.82583e-05
32 5315 0.000579895
74 62116 0.00677718
461 283 3.08768e-05
33 5965 0.000650813
420 285 3.1095e-05
75 58948 0.00643154
462 287 3.13132e-05
34 7109 0.000775629
421 293 3.19678e-05
76 56968 0.00621551
463 268 2.92402e-05
35 104623 0.0114149
422 313 3.41499e-05
77 54832 0.00598246
464 316 3.44773e-05
36 101908 0.0111187
190 12213 0.0013325
423 308 3.36044e-05
78 53983 0.00588983
465 244 2.66217e-05
37 100702 0.0109871
191 10687 0.00116601
424 337 3.67685e-05
150 52028 0.00567653
79 52792 0.00575989
466 317 3.45864e-05
38 100115 0.0109231
192 9914 0.00108167
425 312 3.40408e-05
151 51183 0.00558434
110 37842 0.00412876
467 263 2.86947e-05
39 102155 0.0111456
193 9234 0.00100748
426 294 3.20769e-05
152 52096 0.00568395
111 38005 0.00414655
468 262 2.85856e-05
194 9028 0.000985002
427 303 3.30589e-05
153 52525 0.00573075
112 39039 0.00425936
469 250 2.72763e-05
195 8567 0.000934705
428 311 3.39317e-05
154 51768 0.00564816
113 39943 0.00435799
196 7951 0.000867496
429 290 3.16405e-05
155 55458 0.00605076
114 38995 0.00425456
197 7499 0.00081818
156 55776 0.00608546
115 39988 0.0043629
198 6801 0.000742025
157 53275 0.00581258
116 37829 0.00412734
199 6401 0.000698383
158 52936 0.0057756
117 36481 0.00398027
159 54503 0.00594656
118 36314 0.00396205
119 35940 0.00392124
500 179 1.95298e-05
270 684 7.4628e-05
271 799 8.71751e-05
230 1381 0.000150674
272 782 8.53203e-05
231 1388 0.000151438
273 741 8.0847e-05
232 1306 0.000142491
274 832 9.07756e-05
233 1381 0.000150674
275 785 8.56476e-05
234 1297 0.00014151
276 711 7.75738e-05
235 1224 0.000133545
277 800 8.72842e-05
236 1070 0.000116743
278 645 7.03729e-05
237 1119 0.000122089
279 784 8.55385e-05
238 1200 0.000130926
239 1135 0.000123834
390 349 3.80777e-05
391 343 3.74231e-05
350 424 4.62606e-05
392 336 3.66594e-05
351 404 4.40785e-05
310 715 7.80103e-05
393 318 3.46955e-05
352 426 4.64788e-05
311 714 7.79012e-05
394 318 3.46955e-05
353 531 5.79349e-05
312 735 8.01924e-05
395 305 3.32771e-05
354 404 4.40785e-05
313 790 8.61932e-05
396 307 3.34953e-05
355 435 4.74608e-05
314 727 7.93195e-05
397 334 3.64412e-05
356 360 3.92779e-05
315 798 8.7066e-05
398 324 3.53501e-05
357 402 4.38603e-05
316 656 7.15731e-05
399 379 4.13509e-05
358 384 4.18964e-05
317 643 7.01547e-05
359 419 4.57151e-05
318 606 6.61178e-05
319 644 7.02638e-05
